3.955631277
3.955631277
3.954995632
3.954995632
3.954995632
3.954995632
3.954995632
3.954995632
3.944291607
3.930053768
3.930053768
3.930053768
3.930053768
3.930053768
3.930053768
3.930053768
3.930053768
3.913417467
3.913417467
3.913417467
3.912177051
3.912177051
3.891288877
3.891288877
3.891288877
3.891288877
3.891288877
3.865432574
3.865432574
3.865432574
3.863504707
3.863504707
3.863504707
3.831040102
3.831040102
3.831040102
3.831040102
3.831040102
3.831040102
3.831040102
3.831040102
3.831040102
3.828619514
3.790853981
3.790853981
3.787857671
3.787857671
3.787857671
3.737400862
3.737400862
3.737400862
3.737400862
3.737400862
3.737400862
3.737400862
3.737400862
3.737400862
3.737400862
3.737400862
3.737400862
3.737400862
3.733638761
3.733638761
3.733638761
3.733638761
3.670286302
3.670286302
3.591865833
3.586018738
3.586018738
3.586018738
3.586018738
3.586018738
3.586018738
3.586018738
3.487555722
3.487555722
3.487555722
3.487555722
3.487555722
3.487555722
3.487555722
3.480214238
3.365673856
3.365673856
3.365673856
3.356586243
3.356586243
3.356586243
3.356586243
3.356586243
3.356586243
3.356586243
3.356586243
3.356586243
3.203554055
3.203554055
3.203554055
3.203554055
3.203554055
